points:
- x: 0.4131455399061033
  y: 0.4133611691022965
- x: 0.784037558685446
  y: 0.4154488517745303
- x: 0.7918622848200313
  y: 0.7703549060542797
- x: 0.4084507042253521
  y: 0.778705636743215
